1001                                   65   344     3     0     2\
1002                                  113   243     3     0     2\
1003                                  125   867    12     0     5\
1004                                   50   294     2     0     5\
1005                                   55   240     3     0     1\
1006                                  154   718     0     0     4\
1007                                  127   474     2     0     3\
1008                                  136   887     5     0     3\
1009                                  281   495     9     0     4\
1010                                   51   262     0     0     2\
1011                                   48   141     0     0     1\
1012                                  251   591     7     0     5\
1013                                  139   807     7     0     8\
1014                                   69   390     4     0     0\
1015                                   89   381     3     0     4\
1016                                   69   364     2     0     2\
1017                                   30    54     0     0     1\
1018                                  166   674     8     0     1\
1019                                   61   245     5     0     1\
1020                                  219   748    10     0     6\
1021                                  133   523     7     0     3\
1022                                   78   296     1     0     4\
1023                                  120   736     7     0    10\
1024                                  482   965    15     0     7\
1025                                   24   154     1     0     0\
1026                                   76   382     3     0     2\
1027                                   45    72     1     0     0\
1028                                   90   290     5     0     8\
1029                                  138   611     6     0     8\
1030                                    8     9     0     0     0\
1031                                   92   445     2     0     2\
1032                                  115   695     9     0     8\
1033                                  210   471     7     0     6\
1034                                  745   948    14     0     1\
1035                                  104   106     3     0     0\
1036                                  556   937    17     0     5\
1037                                  238   667    10     0     4\
1038                                  380   865    16     0     9\
1039                                  162   679     6     0     8\
1040                                  174   792    11     0    14\
1041                                  127   590     5     0     8\
1042                                   84   350     3     0     2\
1043                                  194   409     6     0     4\
1044                                  184   707     7     0    11\
1045                                  257  1048     5     0     6\
1046                                  147   678     6     0     5\
1047                                  130   495     9     0     6\
1048                                  187   666     7     0     4\
1049                                  224   723     8     0     9\
1050                                  172   428     1     0     8\
1051                                  276   545     1     0     8\
1052                                  224   561     6     0     8\
1053                                   23    67     2     0     1\
1054                                  230   720     9     0    12\
1055                                  348   701    12     0     4\
1056                                  359   794    21     0    12\
1057                                  403   472    10     0     5\
1058                                  464   541     5     0    13\
1059                                   49    89     1     0     0\
1060                                  196   837     3     0     9\
1061                                  164   695    11     0     5\
1062                                   33    29     0     0     1\
1063                                  363   384     7     0     4\
1064                                  231   273     5     0     5\
1065                                  409   537     9     0     9\
1066                                   97   191     2     0     1\
1067                                  743   582    11     0     6\
1068                                  208   322     6     0     1\
1069                                  142   161     2     0     0\
1070                                  137   290     2     0     0\
1071                                  285   582    11     0     1\
1072                                  212   640    11     0     5\
1073                                  689  1032    16     0     2\
1074                                    4     4     1     0     0\
1075                                  164   553     7     0     4\
1076                                  414   844    12     0     9\
1077                                  128   553     2     0     7\
1078                                   23   178     2     0     1\
1079                                  723  1593    22     0     7\
1080                                  393  1337     9     0     7\
1081                                  567   301     9     0     3\
1082                                  663  1461    32     0     9\
1083                                  547   947    17     0     4\
1084                                  221   520     7     0     5\
1085                                  160   469     6     0     5\
1086                                  317   765     5     0    13\
1087                                  158   425     4     0     1\
1088                                   67   270     3     0     5\
1089                                  271   394     3     0     3\
1090                                    0     0     0     0     0\
1091                                  240   713    13     0     6\
1092                                   64   257     0     0     2\
1093                                  164   283     3     0     1\
1094                                  213   555     5     0     1\
1095                                   34    49     2     0     0\
1096                                    2     7     0     0     0\
1097                                   76   249     2     0     2\
1098                                   50   279     1     0     4\
1099                                  746  1667    22     0    11\
1100                                  441   882     6     0     3\
1101                                    0     0     0     0     0\
1102                                  228   195     8     0     1\
1103                                  126   108     4     0     1\
1104                                  597  1030    18     0    10\
1105                                   81   150     8     0     1\
1106                                    0     0     0     0     0\
1107                                  449   665    12     0     5\
1108                                 1060  1392    37     0     4\
1109                                    2     1     0     0     0\
1110                                  777  1423    21     0     8\
1111                                  883  1580    27     0     8\
1112                                  494  1301    20     0     5\
1113                                  462   938    16     0     4\
1114                                    0     0     0     0     0\
1115                                   38    52     2     0     0\
1116                                  273   313     4     0     2\
1117                                   54    97     2     0     3\
1118                                  541   708    20     0     1\
1119                                   12    37     0     0     0\
1120                                    3    38     0     0     1\
1121                                 1061  1572    33     0     1\
1122                                  952  1377    20     0     2\
1123                                  111   138     2     0     0\
1124                                  100   195     5     0     2\
1125                                  429   614    12     0     2\
1126                                    0     0     0     0     0\
1127                                   43   177     4     0     2\
1128                                  185   372     8     0     3\
1129                                  261   473     9     0     1\
1130                                    0     0     0     0     0\
1131                                    0     0     0     0     0\
1132                                    0     2     0     0     0\
1133                                    1     0     0     0     0\
1134                                    0     0     0     0     0\
1135                                    0     0     0     0     0\
1136                                   51    85     2     0     0\
1137                                    0     0     0     0     0\
1138                                   55   165     3     0     1\
1139                                  118   331     5     0     0\
1140                                  184   370    10     0     1\
1141                                  291   515    14     0     2\
1142                                  224   576     8     0     4\
1143                                  630   814    16     0     3\
1144                                 1159   682     5     0     6\
1145                                  240   174     5     0     5\
1146                                   41    36     1     0     1\
2001                                   34   214     4     0     2\
2002                                   56   379     2     0     8\
2003                                   87   586     3     0     2\
2004                                  130   774     6     0     9\
2005                                   83   364     6     0     2\
2006                                    0     5     0     0     0\
2007                                  105   502     3     0     7\
2008                                   60   298     2     0     4\
2009                                  215   614    10     0     0\
2010                                  256   436    14     0     2\
2011                                  101   592     8     0    10\
2012                                   68   408     3     0     7\
2013                                   97   419     2     0     2\
2014                                  105   409     4     0     6\
2015                                   84   487     2     0     4\
2016                                   39   336     3     0     3\
2017                                   44   289     3     0     3\
2018                                  105   439     2     0     0\
2019                                   65   480     3     0     2\
2020                                   88   724    10     0    14\
2021                                  158   769     2     0     9\
2022                                   88   427     6     0     3\
2023                                  232  1036     9     0    12\
2024                                  183   551     6     0     4\
2025                                  238   883    11     0     4\
2026                                  308   802     4     0     4\
2027                                  206   522     5     0     2\
2028                                  351   911     9     0     9\
2029                                   76   353     3     0     3\
2030                                   77   426     3     0     4\
2031                                   67   433     6     0     1\
2032                                   35   169     0     0     0\
2033                                   46   172     1     0     5\
2034                                   49   219     8     0     1\
2035                                  172   704     7     0     3\
2036                                  333   793     7     0     6\
2037                                  396   467     6     0     0\
2038                                  286   547     7     0     5\
2039                                  117   583     7     0     4\
2040                                  283   810    15     0     3\
2041                                  286   962     5     0     6\
2042                                  104   487     6     0     5\
2043                                  118   570     8     0     5\
2044                                  178   607    10     0     7\
2045                                  230   966     9     0     3\
2046                                  300   925     9     0     4\
2047                                  239   660     9     0     1\
2048                                  108   549    11     0     5\
2049                                  314   909     6     0     9\
2050                                  243   625    18     0     5\
2051                                   73   188     7     0     1\
2052                                   75   320     0     0     3\
2053                                   97   422     1     0     1\
2054                                  186   945     6     0     2\
2055                                  247  1067    10     0     2\
2056                                  146   462     8     0     5\
2057                                  187   676     7     0     7\
2058                                  223   676    13     0     6\
2059                                  217   695    11     0     5\
2060                                  153   487     6     0     5\
2061                                  206   353     0     0     3\
2062                                  191   401     4     0     5\
2063                                  686   451    13     0     4\
2064                                  367   768    16     0     7\
2065                                  620  1393    10     0     2\
2066                                 1005  1220    22     0     4\
2067                                   29   134     0     0     4\
2068                                  958  1317    23     0     5\
2069                                  426   930    17     1     4\
2070                                   95   609     5     0     6\
2071                                   44   195     1     0     2\
2072                                  614  1025    25     0     6\
2073                                  143   387     4     0     0\
2074                                   67   239     2     0     3\
2075                                   37   295     6     0     5\
2076                                  543   742    16     0     2\
2077                                  548   770    14     0     4\
2078                                  371   769     8     0     5\
2079                                   23   188     1     0     1\
2080                                  163   424     3     0     9\
2081                                  108   304     3     0     0\
2082                                  184   486     8     0     3\
2083                                   79   326     3     0     1\
2084                                 1101  1009    18     0     8\
2085                                  163   489     6     0     1\
2086                                  683  1052    13     0     5\
2087                                  518   558     6     0     3\
2088                                  657  1296    22     0     6\
2089                                   32   124     1     0     1\
2090                                  204   597     9     0     6\
2091                                  318   988    11     0     1\
2092                                   84   138     0     0     2\
2093                                  183   336     4     0     3\
2094                                   66    61     0     0     0\
2095                                  852   591     8     0     2\
2096                                  257   742     9     0     0\
2097                                  382   821    14     0     1\
2098                                  186   411     3     0     4\
2099                                  378   516     8     0     2\
2100                                  179   392    10     0     4\
2101                                  408   386    11     0     1\
2102                                  585   854    17     0     6\
2103                                   12    91     1     0     0\
2104                                   11    91     2     0     2\
2105                                   32   184     0     0     3\
2106                                   66   159     2     0     0\
2107                                  491   897    14     0     8\
2108                                  355   360     4     0     2\
2109                                    0     3     0     0     0\
2110                                  235   371     4     0     2\
2111                                  168   346     8     0     4\
2112                                  356   572     7     0     7\
2113                                   10    24     0     0     0\
2114                                  296   707    15     0     6\
2115                                 1123  1204    16     0     8\
2116                                    0     2     0     0     0\
2117                                   36   211     0     0     2\
2118                                    0    13     0     0     0\
2119                                   24   117     2     0     0\
2120                                  233   347     3     0     3\
2121                                   86   142     4     0     3\
2122                                  131   552     8     0     2\
2123                                  536   547     8     0     2\
2124                                  170   253     2     0     4\
2125                                 1144  1690    36     0     4\
2126                                  232   404     9     0     3\
2127                                  551   844    24     0     4\
2128                                  129   632     5     0     6\
2129                                    1     2     0     0     0\
2130                                  376   734    14     0     2\
2131                                   54   131     4     0     3\
2132                                    0     1     0     0     0\
2133                                   74   110     2     0     1\
2134                                  147   388     4     0     3\
2135                                   68   218     4     0     3\
2136                                  866  1236    22     0     7\
2137                                  199   360     4     0     1\
2138                                  156   324     6     0     7\
2139                                  435   609    12     0     0\
2140                                  204   489    13     0     5\
2141                                  277   459    12     0     4\
2142                                   64   187     0     0     1\
2143                                  465   611    12     0     1\
2144                                  334   703    11     0     5\
2145                                   88   118     3     0     1\
2146                                    8    27     0     0     0\
2147                                   81   155     2     0     0\
2148                                  434  1211    16     0     2\
2149                                  224   618     8     0     2\
2150                                    0     3     0     0     0\
2151                                    3     6     0     0     0\
2152                                   47   213     0     0     2\
2153                                   50   108     4     0     2\
2154                                  260   184     4     0     1\
2155                                    1     0     0     0     0\
2156                                  150   436     5     0     1\
2157                                    0     0     0     0     0\
2158                                    0     0     0     0     0\
2159                                   42    62     0     0     0\
2160                                    0     2     0     0     0\
3001                                 1004   859    19     0    10\
3002                                  625   701    16     0     2\
3003                                   27    17     2     0     0\
3004                                    0     1     0     0     0\
3005                                  956   476     9     0     2\
3006                                  348   364     7     0     3\
3007                                  785   782    10     0     4\
3008                                   42    20     1     0     0\
3009                                    8     2     0     0     0\
3010                                   93   186     4     0     1\
3011                                  342   350     5     0     5\
3012                                  451   227     1     0     1\
3013                                  420   664    12     0     8\
3014                                  151   176     2     0     2\
3015                                  264   344     5     0     3\
3016                                   65    65     2     0     0\
3017                                 1091   468     9     0     4\
3018                                  657   606    18     0     7\
3019                                   99   228     4     0     1\
3020                                  789  1012    21     0     9\
3021                                 1197   571    13     0     9\
3022                                  517   565    13     0     7\
3023                                  527   850    16     0     1\
3024                                    0     0     0     0     0\
3025                                  590   592     8     0     3\
3026                                  562   512     7     0     8\
3027                                  499   478    10     0     6\
3028                                  563   558     9     0     7\
3029                                  312   429     9     0     1\
3030                                  840   656     8     0     7\
3031                                    6     9     0     0     0\
3032                                  353   758    13     0     3\
3033                                  872   496    15     0     4\
3034                                 1442   405     8     0     5\
3035                                  212   273     3     0     3\
3036                                  675  1361    12     0     3\
3037                                  699   938    13     0     4\
3038                                  372   415     5     0     8\
3039                                 1473   907    20     0     5\
3040                                  594   675    15     0     3\
3041                                  191   177     4     0     2\
3042                                  739   586     9     0     7\
3043                                 1102   565    10     0     5\
3044                                  446   487     9     0     3\
3045                                  617   421    12     0     4\
3046                                  473   516     5     0     4\
3047                                  603   676    13     0     6\
3048                                  469   600     9     0     5\
3049                                  819   686    10     0    13\
3050                                  382   323     6     0     4\
3051                                  161    96     4     0     0\
3052                                 1415  1251    15     0     6\
3053                                  586   571    13     0     8\
3054                                  367   595    15     0     1\
3055                                 1310   515    22     0     7\
3056                                  346   656     9     0     1\
3057                                  192   188     0     0     4\
3058                                  608  1113    17     0     3\
3059                                  500   477     5     0     4\
3060                                  521   642    12     0     5\
3061                                  428   602    13     0     3\
3062                                   13    13     0     0     0\
3063                                  574   658     9     0     7\
3064                                  121   158     6     0     0\
3065                                   10    26     0     0     0\
3066                                  564   657     5     0     7\
3067                                  511   529    15     0     2\
3068                                  341   884    10     0     2\
3069                                  976  1076    11     0    13\
3070                                  879   855    11     0    10\
3071                                  550   881     9     0     7\
3072                                 1271   994    16     0     7\
3073                                  431   563     8     0     3\
3074                                  855   854    15     0     7\
3075                                 1337   829    18     0    12\
3076                                  595   387     9     0     6\
3077                                  832   804    12     0     7\
3078                                  916   864    26     0     4\
3079                                 1082   982     7     0     8\
3080                                  367   338     5     0     3\
3081                                  653   717    10     0     6\
3082                                  647   732    13     0     1\
3083                                  524   437    14     0     8\
3084                                  901   897    27     0     3\
3085                                  368   402     9     0     2\
3086                                  619   562     8     0     4\
3087                                  528   403     8     0     3\
3088                                 1091   871    10     0     4\
3089                                 1911   886    27     0    10\
3090                                  971   853    16     0     9\
3091                                  428   184     8     0     5\
3092                                 1257   643    16     0     6\
3093                                 1586  1193    26     0    11\
3094                                 1198   867     6     0     8\
3095                                  399   923    15     0     3\
3096                                 1180   917    20     0    12\
3097                                    3     1     0     0     0\
3098                                  400   400    11     0     4\
3099                                  995   986    19     0     2\
3100                                  767   940     9     0     9\
3101                                  789   777    16     0     1\
3102                                 1086   889    22     0     3\
3103                                  134   221     3     0     0\
3104                                  924   762    15     0     4\
3105                                  889   859    21     0     8\
3106                                  684   405     8     0     4\
3107                                  277   594    11     0     4\
3108                                  599   400     7     0     5\
3109                                  579   941    14     0     3\
3110                                  791   919    13     0     5\
3111                                    0     2     0     0     0\
3112                                  240   532     9     0     1\
3113                                  158   367     4     0     0\
3114                                 1012   533    11     0     6\
3115                                  735   587     7     0     6\
3116                                  372   544    13     0     4\
3117                                 1086   915    13     0     3\
3118                                  279   306     4     0     2\
3119                                  944  1194    24     0     6\
3120                                  803  1013    21     0    11\
3121                                 1274  1194    18     0     3\
3122                                  692   662    14     0     7\
3123                                  196   130     2     0     2\
3124                                  978   846     7     0     2\
3125                                 1164   854    16     0     4\
3126                                  578   434     5     0     5\
3127                                  789  1149    16     0     0\
3128                                   20    21     1     0     0\
3129                                  699  1100    25     0     7\
3130                                  763   466    11     0     2\
3131                                    0     3     0     0     0\
3132                                  224   442     4     0     2\
3133                                    0     0     0     0     0\
3134                                  369  1139    10     0     2\
3135                                  206   327     3     0     4\
3136                                  144   170     3     0     1\
3137                                 1296  1158    24     0     4\
3138                                   28     9     0     0     0\
3139                                  292   490    11     0     3\
3140                                   82   155     3     0     1\
3141                                  284   461     7     0     2\
3142                                   58   116     1     0     0\
3143                                  386   506     5     0     5\
3144                                   62    81     0     0     0\
3145                                  936   889    13     0     6\
3146                                  702  1165    19     0     6\
3147                                  616   863    14     0     9\
3148                                  433   314     2     0     3\
3149                                  210  1406     8     0     0\
3150                                    8     8     0     0     0\
3151                                 1444  1443    17     0     7\
3152                                  240   548    14     0     2\
3153                                  449   470    10     0     5\
3154                                  666   437    10     0     5\
3155                                  885   720    22     0     2\
3156                                    9     8     0     0     0\
3157                                  867   844    19     0     7\
3158                                   24    16     0     0     0\
3159                                  396   624    10     0     2\
3160                                  486   420     7     0     3\
3161                                  517   814     9     0     7\
3162                                  265   410     7     0     4\
3163                                  855   705    11     0     4\
3164                                  727   461     9     0     1\
3165                                 1179  1012    21     0     8\
3166                                  128   187     4     0     3\
3167                                    4     2     0     0     0\
3168                                  194   290     5     0     0\
3169                                   48    30     2     0     0\
3170                                    0     0     0     0     0\
3171                                    0     1     0     0     0\
3172                                  102   182     2     0     1\
3173                                 1057   976    16     0     8\
3174                                 1586  1083    25     0     7\
3175                                  182   212     3     0     1\
3176                                   19    19     0     0     0\
3177                                    0     0     0     0     0\
3178                                    0     0     0     0     0\
3179                                    1     1     0     0     0\
3180                                  285   380     5     0     0\
3181                                  766   520    20     0     6\
3182                                  247   269     4     0     3\
3183                                    9     2     0     0     0\
3184                                   58    47     1     0     1\
3185                                   84    78     0     0     1\
3186                                    1     0     0     0     0\
3187                                    0     0     0     0     0\
3188                                    0     0     0     0     0\
3189                                  262   360     0     0     0\
3190                                    0     0     0     0     0\
3191                                   71    57     1     0     1\
3192                                    0     0     0     0     0\
3193                                   65    58     1     0     2\
3194                                 1282   814    18     0    12\
3195                                  228   916     6     0     1\
3196                                    6     3     0     0     0\
3197                                    0     0     0     0     0\
3198                                  196   208     2     0     0\
3199                                 1041   797    11     0     1\
3200                                    0     0     0     0     0\
3201                                 1482   894    18     0     2\
3202                                  325   260     1     0     5\
3203                                  185   118     3     0     1\
3204                                    0     0     0     0     0\
3205                                    0     0     0     0     0\
3206                                    5    56     1     0     0\
3207                                    1     3     0     0     0\
3208                                   11    30     1     0     0\
4001                                  377   980    10     0     6\
4002                                   47   270     1     0     1\
4003                                   56   361     7     0     4\
4004                                   99   316     1     0     0\
4005                                  104   662     7     0     3\
4006                                   37   246     4     0     1\
4007                                  173   196     6     0     1\
4008                                  171   263     4     0     2\
4009                                   49   254     2     0     3\
4010                                   32   336     4     0     2\
4011                                   39   412     1     0     1\
4012                                   43   210     3     0     0\
4013                                   88   294     5     0     3\
4014                                   26   133     3     0     2\
4015                                  130   664    12     0     3\
4016                                  210   835    12     0     6\
4017                                  179   950     8     0     5\
4018                                  147   528    12     0     1\
4019                                  253   724    14     0     4\
4020                                  179   373     5     0     3\
4021                                  202   322     7     0     3\
4022                                   27    29     1     0     0\
4023                                  392   689    14     0     9\
4024                                  377   815    13     0    11\
4025                                  144   359     6     0     2\
4026                                  331  1016    11     0    13\
4027                                  191   532    10     0     4\
4028                                  235   884    11     0    14\
4029                                  108   707     4     0     8\
4030                                   11   118     1     0     2\
4031                                  169   520     4     0     2\
4032                                  253   539     5     0     5\
4033                                  458   934    12     1    10\
4034                                  247   518     7     1     7\
4035                                    5    15     0     0     0\
4036                                  188   956    12     0    17\
4037                                   59   514     4     0     4\
4038                                  622  1148    21     0     5\
4039                                   35   448     0     0     2\
4040                                   68   414     4     0     0\
4041                                   90   671     5     0     0\
4042                                   20    27     0     0     0\
4043                                  484   885    18     0     1\
4044                                  209   385     5     0     2\
4045                                  398   707    12     0     9\
4046                                  726   748     9     0     4\
4047                                  340   737    10     1    10\
4048                                  129   575     2     0    11\
4049                                  294   645    10     0     8\
4050                                  506   410     6     0     6\
4051                                  626   511    13     0     9\
4052                                  608   563     6     0     4\
4053                                  352   567     8     0     3\
4054                                  772  1055    26     0     7\
4055                                  417   343     8     0     6\
4056                                  747   761    14     0     7\
4057                                  697   418     4     0     5\
4058                                  589   385     9     0     7\
4059                                  533   601    14     0     2\
4060                                  359   528     9     0     3\
4061                                  257   590     7     0    13\
4062                                   86   214     1     0     2\
4063                                  127   224     5     0     6\
4064                                  489   584    14     1     5\
4065                                  364  1130    12     0     5\
4066                                  490   972    30     0     4\
4067                                  313   404     8     0     3\
4068                                   72   141     3     0     0\
4069                                  378   214     6     0     2\
4070                                  383  1098    13     0     7\
4071                                  741   158    11     0     2\
4072                                 1168   447    16     0     7\
4073                                  373   350    11     0     1\
4074                                  457   410     8     0     8\
4075                                   46   250     2     0     3\
4076                                  334   812     9     0     4\
4077                                  427   842    11     0     4\
4078                                  529   164     9     0     2\
4079                                  408   336     7     0     5\
4080                                  291   587    12     0     6\
4081                                  111    85     2     0     0\
4082                                   80   536     3     0     2\
4083                                  138   203     1     0     1\
4084                                   41   135     3     0     0\
4085                                   24     2     0     0     0\
4086                                  137    80     3     0     1\
4087                                  382   654     8     0     0\
4088                                  510  1086    16     0     4\
4089                                  596   795    11     0     4\
4090                                  448   545    13     0     0\
4091                                  168   369     4     0     2\
4092                                  498   419     5     2     5\
4093                                  519   674    12     0     2\
4094                                  449   490     9     0     3\
4095                                  404   472     9     0     6\
4096                                  359   655     9     0     4\
4097                                  372   457     9     0     1\
4098                                  352   454    11     0     3\
4099                                  201   350     8     0     2\
4100                                  182   282     6     0     0\
4101                                  289   197     2     0     4\
4102                                   81   220     8     0     0\
4103                                    0     0     0     0     0\
4104                                  373   494     6     0     2\
4105                                  559   473    11     0     0\
4106                                   44   118     2     0     1\
4107                                  334   379     5     0     5\
4108                                  693   880    29     0     9\
4109                                  132   254     1     0     0\
4110                                  118   501     5     0     1\
4111                                    8   109     0     0     1\
4112                                  320   236     3     0     4\
4113                                   56   257     0     0     2\
4114                                   11    11     1     0     0\
4115                                   60    49     2     0     0\
4116                                   17    12     1     0     0\
4117                                  146   173     3     0     1\
4118                                   40     5     1     0     1\
4119                                   62   270     5     0     2\
4120                                   28    54     2     0     1\
4121                                   54    39     0     0     0\
4122                                    8    45     0     0     0\
4123                                   15    58     0     0     0\
4124                                  174   594     3     0     7\
4125                                    7    26     0     0     0\
4126                                  427   273     8     0     2\
4127                                    9    11     1     0     1\
4128                                   30    68     0     0     0\
4129                                   32    17     0     0     1\
4130                                  148   210     2     0     0\
4131                                   47   107     2     0     0\
4132                                  378   732    12     0     3\
4133                                   13     3     1     0     0\
4134                                    1     3     0     0     0\
4135                                    0     0     0     0     0\
4136                                  125    60     2     0     0\
4137                                   46     9     1     0     0\
4138                                    2     2     0     0     0\
4139                                    0     0     0     0     0\
4140                                    0     0     0     0     0\
4141                                    9    85     0     0     0\
4142                                   33   196     1     0     2\
4143                                  380  1164    12     0     0\
4144                                  196   101     1     0     4\
4145                                    4     2     0     0     0\
4146                                    5    12     0     0     0\
4147                                   56   100     1     0     0\
4148                                   35    52     3     0     0\
4149                                   60   113     1     0     1\
4150                                  239   499     3     0     2\
4151                                  228    64     1     0     0\
4152                                  352   542     8     0     5\
4153                                   29    25     0     0     0\
4154                                  146   210     4     0     2\
4155                                  248  1112    12     0     4\
4156                                  108   343     2     0     0\
4157                                  149   693     3     0     2\
4158                                   76   167     2     0     0\
4159                                    4     3     0     0     0\
4160                                  202   530     2     0     5\
4161                                   16   190     1     0     1\
4162                                  464   587    14     0     5\
4163                                  305   672     7     0     3\
4164                                  741   534    17     0     5\
4165                                   33    21     0     0     0\
4166                                   41    78     0     0     0\
4167                                    6     7     0     0     0\
4168                                  296   619    10     0     6\
4169                                  109    90     1     0     0\
4170                                   66   107     0     0     0\
4171                                  338   350     7     0     4\
4172                                  253   318     5     0     3\
4173                                  400   458    14     0     3\
4174                                  226   378    13     0     3\
4175                                    0     0     0     0     0\
4176                                  287   262     8     0     3\
4177                                    1    18     0     0     0\
4178                                    0     2     0     0     0\
4179                                  743   803    16     0     7\
4180                                    2     0     0     0     0\
4181                                    0     0     0     0     0\
4182                                    1     0     0     0     0\
4183                                   10    48     0     0     0\
4184                                    0     9     1     0     0\
4185                                    2     0     0     0     0\
4186                                   10    48     2     0     0\
4187                                    0     0     0     0     0\
4188                                    0     1     0     0     0\
4189                                   95   271     2     0     0\
4190                                    0     2     0     0     0\
4191                                    0     0     0     0     0\
4192                                    0     0     0     0     0\
4193                                    5    13     1     0     0\
4194                                  141   160     4     0     0\
4195                                    0     0     0     0     0\
4196                                    0     0     0     0     0\
4197                                    0     6     0     0     0\
4198                                  200   534     7     0     0\
4199                                  173   325     8     0     3\
4200                                  354   875     9     0     3\
4201                                    7     3     0     0     0\
4202                                    0     0     0     0     0\
4203                                   32   160     4     0     1\
4204                                    0     3     0     0     0\
4205                                   26    31     1     0     1\
4206                                   81   127     0     0     0\
4207                                    0     0     0     0     0\
4208                                    0     0     0     0     0\
4209                                   23     4     0     0     0\
4210                                    2     4     0     0     0\
4211                                    0    20     0     0     0\
4212                                    0     0     0     0     0\
5020                                   22    91     1     0     0\
5021                                   10    83     0     0     0\
5023                                   18    53     1     0     0\
5028                                    5    11     0     0     0\
5035                                    6    37     0     0     0\
6020                                  237   405     2     0     0\
6021                                   22    34     0     0     0\
6023                                    6    14     0     0     0\
6028                                   17    20     2     0     0\
6035                                    2    13     0     0     0\
6120                                    2     2     0     0     0\
6121                                   11     9     0     0     0\
6123                                    0     1     0     0     0\
6128                                    2     2     0     0     0\
6135                                    4     7     0     0     0\
6220                                   13    17     0     0     0\
6221                                    1     1     0     0     0\
6223                                    2     3     0     0     0\
6228                                    2     9     0     0     0\
6235                                    0     0     0     0     0\
6320                                    1     2     0     0     0\
6321                                    3     3     0     0     0\
6323                                    0     0     0     0     0\
6328                                    0     0     0     0     0\
6335                                   10     8     0     0     0\